0 0 0 0 0 0 0 0 0 0 0 0 0 0 0
0 0 0 0 0 0 0 0 0 0 0 0 0 0 2
0 0 0 0 0 0 0 0 0 0 0 0 0 2 1
0 0 0 0 0 0 0 0 0 0 0 0 2 1 1
0 0 0 0 0 0 0 0 0 0 0 2 1 1 1
0 0 0 0 0 0 0 0 0 0 2 1 1 1 1
0 0 0 0 0 0 0 0 0 2 1 1 1 1 1
0 0 0 0 0 0 0 0 2 1 1 1 1 1 1
0 0 0 0 0 0 0 2 1 1 1 1 1 1 1
0 0 0 0 0 0 2 1 1 1 1 1 1 1 1
0 0 0 0 0 2 1 1 1 1 1 1 1 1 1
63 2 65 65 65 65 65 65 2 67 2 69 69 69 2
2 65 65 65 65 65 65 2 67 2 69 69 69 2 71
65 65 2 67 2 69 69 69 2 71 71 71 71 71 2
65 2 67 2 69 69 69 2 71 71 71 71 71 2 2
2 67 2 69 69 69 2 71 71 71 71 71 2 2 75
67 2 69 69 69 2 71 71 71 71 71 2 2 75 75
2 69 69 69 2 71 71 71 71 71 2 2 75 75 75
71 71 71 2 2 75 75 75 75 75 75 75 75 75 2
93 93 93 93 2 95 95 95 2 97 97 97 2 99 2
93 93 93 2 95 95 95 2 97 97 97 2 99 2 101
93 93 2 95 95 95 2 97 97 97 2 99 2 101 101
93 2 95 95 95 2 97 97 97 2 99 2 101 101 2
2 95 95 95 2 97 97 97 2 99 2 101 101 2 103
95 95 95 2 97 97 97 2 99 2 101 101 2 103 103
95 95 2 97 97 97 2 99 2 101 101 2 103 103 2
95 2 97 97 97 2 99 2 101 101 2 103 103 2 105
2 97 97 97 2 99 2 101 101 2 103 103 2 105 105
97 97 97 2 99 2 101 101 2 103 103 2 105 105 2
97 97 2 99 2 101 101 2 103 103 2 105 105 2 2
97 2 99 2 101 101 2 103 103 2 105 105 2 2 109
2 99 2 101 101 2 103 103 2 105 105 2 2 109 2
99 2 101 101 2 103 103 2 105 105 2 2 109 2 111
2 101 101 2 103 103 2 105 105 2 2 109 2 111 111
101 101 2 103 103 2 105 105 2 2 109 2 111 111 2
101 2 103 103 2 105 105 2 2 109 2 111 111 2 113
2 103 103 2 105 105 2 2 109 2 111 111 2 113 113
103 103 2 105 105 2 2 109 2 111 111 2 113 113 2
103 2 105 105 2 2 109 2 111 111 2 113 113 2 115
2 105 105 2 2 109 2 111 111 2 113 113 2 115 2
105 105 2 2 109 2 111 111 2 113 113 2 115 2 117
105 2 2 109 2 111 111 2 113 113 2 115 2 117 2
2 2 109 2 111 111 2 113 113 2 115 2 117 2 2
2 109 2 111 111 2 113 113 2 115 2 117 2 2 121
109 2 111 111 2 113 113 2 115 2 117 2 2 121 2
2 111 111 2 113 113 2 115 2 117 2 2 121 2 123
111 111 2 113 113 2 115 2 117 2 2 121 2 123 123
111 2 113 113 2 115 2 117 2 2 121 2 123 123 2
2 113 113 2 115 2 117 2 2 121 2 123 123 2 125
113 113 2 115 2 117 2 2 121 2 123 123 2 125 125
113 2 115 2 117 2 2 121 2 123 123 2 125 125 2
2 115 2 117 2 2 121 2 123 123 2 125 125 2 127
115 2 117 2 2 121 2 123 123 2 125 125 2 127 127
2 117 2 2 121 2 123 123 2 125 125 2 127 127 2
117 2 2 121 2 123 123 2 125 125 2 127 127 2 129
2 2 121 2 123 123 2 125 125 2 127 127 2 129 129
2 121 2 123 123 2 125 125 2 127 127 2 129 129 2
121 2 123 123 2 125 125 2 127 127 2 129 129 2 131
2 123 123 2 125 125 2 127 127 2 129 129 2 131 2
123 123 2 125 125 2 127 127 2 129 129 2 131 2 2
123 2 125 125 2 127 127 2 129 129 2 131 2 2 2
2 125 125 2 127 127 2 129 129 2 131 2 2 2 2
125 125 2 127 127 2 129 129 2 131 2 2 2 2 2
125 2 127 127 2 129 129 2 131 2 2 2 2 2 141
2 127 127 2 129 129 2 131 2 2 2 2 2 141 2
127 127 2 129 129 2 131 2 2 2 2 2 141 2 143
127 2 129 129 2 131 2 2 2 2 2 141 2 143 2
2 129 129 2 131 2 2 2 2 2 141 2 143 2 145
129 129 2 131 2 2 2 2 2 141 2 143 2 145 2
129 2 131 2 2 2 2 2 141 2 143 2 145 2 147
2 131 2 2 2 2 2 141 2 143 2 145 2 147 2
131 2 2 2 2 2 141 2 143 2 145 2 147 2 149
2 2 2 2 2 141 2 143 2 145 2 147 2 149 2
2 2 2 2 141 2 143 2 145 2 147 2 149 2 151
2 2 2 141 2 143 2 145 2 147 2 149 2 151 2
2 2 141 2 143 2 145 2 147 2 149 2 151 2 153
2 141 2 143 2 145 2 147 2 149 2 151 2 153 2
141 2 143 2 145 2 147 2 149 2 151 2 153 2 2
2 143 2 145 2 147 2 149 2 151 2 153 2 2 2
143 2 145 2 147 2 149 2 151 2 153 2 2 2 2
2 145 2 147 2 149 2 151 2 153 2 2 2 2 2
145 2 147 2 149 2 151 2 153 2 2 2 2 2 2
2 147 2 149 2 151 2 153 2 2 2 2 2 2 165
147 2 149 2 151 2 153 2 2 2 2 2 2 165 2
2 149 2 151 2 153 2 2 2 2 2 2 165 2 2
149 2 151 2 153 2 2 2 2 2 2 165 2 2 169
2 151 2 153 2 2 2 2 2 2 165 2 2 169 2
151 2 153 2 2 2 2 2 2 165 2 2 169 2 2
2 153 2 2 2 2 2 2 165 2 2 169 2 2 2
153 2 2 2 2 2 2 165 2 2 169 2 2 2 175
2 2 2 2 2 2 165 2 2 169 2 2 2 175 2
2 2 2 2 2 165 2 2 169 2 2 2 175 2 2
2 2 2 2 165 2 2 169 2 2 2 175 2 2 2
2 2 2 165 2 2 169 2 2 2 175 2 2 2 181
2 2 165 2 2 169 2 2 2 175 2 2 2 181 2
2 165 2 2 169 2 2 2 175 2 2 2 181 2 2
165 2 2 169 2 2 2 175 2 2 2 181 2 2 2
2 2 169 2 2 2 175 2 2 2 181 2 2 2 2
2 169 2 2 2 175 2 2 2 181 2 2 2 2 2
169 2 2 2 175 2 2 2 181 2 2 2 2 2 2
2 2 2 175 2 2 2 181 2 2 2 2 2 2 2
2 2 175 2 2 2 181 2 2 2 2 2 2 2 2
2 175 2 2 2 181 2 2 2 2 2 2 2 2 2
175 2 2 2 181 2 2 2 2 2 2 2 2 2 2
2 2 2 181 2 2 2 2 2 2 2 2 2 2 2
2 2 181 2 2 2 2 2 2 2 2 2 2 2 2
2 181 2 2 2 2 2 2 2 2 2 2 2 2 2
181 2 2 2 2 2 2 2 2 2 2 2 2 2 2
2 2 2 2 2 2 2 2 2 2 2 2 2 2 2
2 2 2 2 2 2 2 2 2 2 2 2 2 2 2
2 2 2 2 2 2 2 2 2 2 2 2 2 2 2
2 2 2 2 2 2 2 2 2 2 2 2 2 2 2
2 2 2 2 2 2 2 2 2 2 2 2 2 2 2
2 2 2 2 2 2 2 2 2 2 2 2 2 2 2
2 2 2 2 2 2 2 2 2 2 2 2 2 2 2
2 2 2 2 2 2 2 2 2 2 2 2 2 2 2
2 2 2 2 2 2 2 2 2 2 2 2 2 2 2
2 2 2 2 2 2 2 2 2 2 2 2 2 2 2
2 2 2 2 2 2 2 2 2 2 2 2 2 2 2
2 2 2 2 2 2 2 2 2 2 2 2 2 2 2
2 2 2 2 2 2 2 2 2 2 2 2 2 2 2
2 2 2 2 2 2 2 2 2 2 2 2 2 2 2
2 2 2 2 2 2 2 2 2 2 2 2 2 2 2
2 2 2 2 2 2 2 2 2 2 2 2 2 2 2
2 2 2 2 2 2 2 2 2 2 2 2 2 2 2
2 2 2 2 2 2 2 2 2 2 2 2 2 2 2
2 2 2 2 2 2 2 2 2 2 2 2 2 2 2
2 2 2 2 2 2 2 2 2 2 2 2 2 2 2
2 2 2 2 2 2 2 2 2 2 2 2 2 2 2
2 2 2 2 2 2 2 2 2 2 2 2 2 2 2
2 2 2 2 2 2 2 2 2 2 2 2 2 2 2
2 2 2 2 2 2 2 2 2 2 2 2 2 2 2
2 2 2 2 2 2 2 2 2 2 2 2 2 2 2
2 2 2 2 2 2 2 2 2 2 2 2 2 2 2
2 2 2 2 2 2 2 2 2 2 2 2 2 2 2
2 2 2 2 2 2 2 2 2 2 2 2 2 2 2
2 2 2 2 2 2 2 2 2 2 2 2 2 2 2
2 2 2 2 2 2 2 2 2 2 2 2 2 2 2
2 2 2 2 2 2 2 2 2 2 2 2 2 2 2
2 2 2 2 2 2 2 2 2 2 2 2 2 2 2
2 2 2 2 2 2 2 2 2 2 2 2 2 2 273
2 2 2 2 2 2 2 2 2 2 2 2 2 273 2
2 2 2 2 2 2 2 2 2 2 2 2 273 2 2
2 2 2 2 2 2 2 2 2 2 2 273 2 2 2
2 2 2 2 2 2 2 2 2 2 273 2 2 2 2
2 2 2 2 2 2 2 2 2 273 2 2 2 2 2
2 2 2 2 2 2 2 2 273 2 2 2 2 2 2
2 2 2 2 2 2 2 273 2 2 2 2 2 2 2
2 2 2 2 2 2 273 2 2 2 2 2 2 2 2
2 2 2 2 2 273 2 2 2 2 2 2 2 2 2
2 2 2 2 273 2 2 2 2 2 2 2 2 2 2
2 2 2 273 2 2 2 2 2 2 2 2 2 2 2
2 2 273 2 2 2 2 2 2 2 2 2 2 2 2
2 273 2 2 2 2 2 2 2 2 2 2 2 2 2
273 2 2 2 2 2 2 2 2 2 2 2 2 2 2
2 2 2 2 2 2 2 2 2 2 2 2 2 2 2
2 2 2 2 2 2 2 2 2 2 2 2 2 2 2
2 2 2 2 2 2 2 2 2 2 2 2 2 2 2
2 2 2 2 2 2 2 2 2 2 2 2 2 2 307
2 2 2 2 2 2 2 2 2 2 2 2 2 307 307
2 2 2 2 2 2 2 2 2 2 2 2 307 307 307
2 2 2 2 2 2 2 2 2 2 2 307 307 307 2
2 2 2 2 2 2 2 2 2 2 307 307 307 2 2
2 2 2 2 2 2 2 2 2 307 307 307 2 2 2
2 2 2 2 2 2 2 2 307 307 307 2 2 2 2
2 2 2 2 2 2 2 307 307 307 2 2 2 2 2
2 2 2 2 2 2 307 307 307 2 2 2 2 2 2
2 2 2 2 2 307 307 307 2 2 2 2 2 2 2
2 2 2 2 307 307 307 2 2 2 2 2 2 2 2
2 2 2 307 307 307 2 2 2 2 2 2 2 2 2
2 2 307 307 307 2 2 2 2 2 2 2 2 2 2
2 307 307 307 2 2 2 2 2 2 2 2 2 2 2
307 307 307 2 2 2 2 2 2 2 2 2 2 2 2
307 307 2 2 2 2 2 2 2 2 2 2 2 2 2
307 2 2 2 2 2 2 2 2 2 2 2 2 2 2
2 2 2 2 2 2 2 2 2 2 2 2 2 2 2
2 2 2 2 2 2 2 2 2 2 2 2 2 2 2
2 2 2 2 2 2 2 2 2 2 2 2 2 2 2
2 2 2 2 2 2 2 2 2 2 2 2 2 2 2
2 2 2 2 2 2 2 2 2 2 2 2 2 2 2
2 2 2 2 2 2 2 2 2 2 2 2 2 2 2
2 2 2 2 2 2 2 2 2 2 2 2 2 2 2
